01 , 10
02 , 20
03 , 30
04 , 40
05 , 50
06 , 60
07 , 70
08 , 80
09 , 90
12 , 21
13 , 31
14 , 41
15 , 51
16 , 61
17 , 71
18 , 81
19 , 91
23 , 32
24 , 42
25 , 52
26 , 62
27 , 72
28 , 82
29 , 92
34 , 43
35 , 53
35 , 53
36 , 63
37 , 73
38 , 83
39 , 93
45 , 54
46 , 64
47 , 74
48 , 84
49 , 94
56 , 65
57 , 75
58 , 85
59 , 95
67 , 76
68 , 86
69 , 96
78 , 87
79 , 97
89 , 98
0000000000 , 1
1111111111 , 2
2222222222 , 3
3333333333 , 4
4444444444 , 5
5555555555 , 6
6666666666 , 7
7777777777 , 8
8888888888 , 9
